[gd_scene load_steps=18 format=2]

[ext_resource path="res://Camera.tscn" type="PackedScene" id=1]
[ext_resource path="res://ImmediateGeometry.gd" type="Script" id=2]
[ext_resource path="res://MK90Cyr5x7.ttf" type="DynamicFontData" id=3]
[ext_resource path="res://steering-wheel-small.png" type="Texture" id=4]
[ext_resource path="res://road-small.png" type="Texture" id=5]
[ext_resource path="res://ExtrudeLevel67.tscn" type="PackedScene" id=6]

[sub_resource type="SpatialMaterial" id=1]
params_cull_mode = 2
albedo_color = Color( 0.909804, 0.309804, 0.309804, 1 )
emission_enabled = true
emission = Color( 0.937255, 0.388235, 0.388235, 1 )
emission_energy = 0.8
emission_operator = 0
emission_on_uv2 = false

[sub_resource type="DynamicFont" id=2]
size = 64
outline_size = 3
outline_color = Color( 0, 0, 0, 1 )
font_data = ExtResource( 3 )

[sub_resource type="SpatialMaterial" id=3]
albedo_color = Color( 0.321569, 0.415686, 0.537255, 1 )
metallic = 0.77
metallic_specular = 0.71
roughness = 0.27

[sub_resource type="CubeMesh" id=4]
material = SubResource( 3 )
size = Vector3( 50, 300, 20 )

[sub_resource type="SpatialMaterial" id=5]
albedo_color = Color( 0, 0.0862745, 1, 1 )

[sub_resource type="CubeMesh" id=6]
material = SubResource( 5 )
size = Vector3( 50, 0.2, 0.2 )

[sub_resource type="SpatialMaterial" id=7]
albedo_color = Color( 1, 0.0352941, 0.0352941, 1 )

[sub_resource type="SpatialMaterial" id=10]
albedo_color = Color( 0.196078, 1, 0, 1 )

[sub_resource type="CubeMesh" id=11]
material = SubResource( 10 )
size = Vector3( 0.2, 10, 0.2 )

[sub_resource type="SpatialMaterial" id=8]
albedo_color = Color( 0, 0.552941, 1, 1 )

[sub_resource type="CubeMesh" id=9]
material = SubResource( 8 )
size = Vector3( 0.2, 0.2, 50 )

[node name="Main" type="Spatial"]

[node name="ImmediateGeometry" type="ImmediateGeometry" parent="."]
transform = Transform( 0.999843, 0.0121679, -0.0128606, -0.0120448, 0.999881, 0.00960495, 0.0129759, -0.00944855, 0.999871, 0, 0, 0 )
material_override = SubResource( 1 )
script = ExtResource( 2 )
camera = NodePath("../CameraHub")
inputLabel = NodePath("../Interface/VBoxContainer/InputLabel")
angleIcon = NodePath("../Interface/VBoxContainer/HBoxContainer/Steering Wheel")
distanceIcon = NodePath("../Interface/VBoxContainer/HBoxContainer/Road")

[node name="ExtrudeLevel67" parent="." instance=ExtResource( 6 )]
transform = Transform( 0.999843, 0.0121679, -0.0128606, -0.0120448, 0.999881, 0.00960495, 0.0129759, -0.00944855, 0.999871, 0, 0, 0 )

[node name="CameraHub" parent="." instance=ExtResource( 1 )]

[node name="DirectionalLight" type="DirectionalLight" parent="."]
transform = Transform( 0.908545, -0.300197, -0.290564, 0.377387, 0.291334, 0.879036, -0.179233, -0.908299, 0.37798, 0, 50, 0 )

[node name="Interface" type="Node" parent="."]

[node name="VBoxContainer" type="VBoxContainer" parent="Interface"]
anchor_top = 0.999249
anchor_right = 0.0195312
anchor_bottom = 0.999249
margin_left = 20.0
margin_top = -117.0
margin_right = 104.0
__meta__ = {
"_edit_use_anchors_": false
}

[node name="HBoxContainer" type="HBoxContainer" parent="Interface/VBoxContainer"]
margin_right = 104.0
margin_bottom = 50.0
__meta__ = {
"_edit_use_anchors_": false
}

[node name="Steering Wheel" type="TextureRect" parent="Interface/VBoxContainer/HBoxContainer"]
margin_right = 50.0
margin_bottom = 50.0
texture = ExtResource( 4 )

[node name="Road" type="TextureRect" parent="Interface/VBoxContainer/HBoxContainer"]
margin_left = 54.0
margin_right = 104.0
margin_bottom = 50.0
texture = ExtResource( 5 )
__meta__ = {
"_edit_use_anchors_": false
}

[node name="InputLabel" type="Label" parent="Interface/VBoxContainer"]
margin_top = 54.0
margin_right = 104.0
margin_bottom = 97.0
custom_fonts/font = SubResource( 2 )
text = "-180"
align = 1
__meta__ = {
"_edit_use_anchors_": false
}

[node name="World Background" type="Node" parent="."]

[node name="MeshInstance" type="MeshInstance" parent="World Background"]
transform = Transform( 1, 0, 0, 0, 0.999947, -0.0102798, 0, 0.0102798, 0.999947, -85.1414, -180, 68.4938 )
mesh = SubResource( 4 )
material/0 = null

[node name="MeshInstance3" type="MeshInstance" parent="World Background"]
transform = Transform( 0.5, 0, 0.866025, 0, 1, 0, -0.866025, 0, 0.5, 7, 63, -142 )
mesh = SubResource( 4 )
material/0 = null

[node name="MeshInstance6" type="MeshInstance" parent="World Background"]
transform = Transform( -5.96046e-08, 0, 1, 0, 1, 0, -1, 0, -5.96046e-08, -89.146, 421.89, 68.1985 )
mesh = SubResource( 4 )
material/0 = null

[node name="MeshInstance4" type="MeshInstance" parent="World Background"]
transform = Transform( -0.5, 0, 0.866025, 0, 1, 0, -0.866025, 0, -0.5, -165, 69, -19 )
mesh = SubResource( 4 )
material/0 = null

[node name="MeshInstance2" type="MeshInstance" parent="World Background"]
transform = Transform( 0.5, 0, -0.866025, 0, 1, 0, 0.866025, 0, 0.5, 92.0062, 214, 2.65932 )
mesh = SubResource( 4 )
material/0 = null

[node name="MeshInstance5" type="MeshInstance" parent="World Background"]
transform = Transform( 0.5, 0, -0.866025, 0, 1, 0, 0.866025, 0, 0.5, 16, 47, 185 )
mesh = SubResource( 4 )
material/0 = null

[node name="Helper" type="Spatial" parent="."]
visible = false

[node name="xAxis" type="MeshInstance" parent="Helper"]
mesh = SubResource( 6 )
material/0 = SubResource( 7 )

[node name="yAxis" type="MeshInstance" parent="Helper"]
mesh = SubResource( 11 )
material/0 = null

[node name="zAxis" type="MeshInstance" parent="Helper"]
mesh = SubResource( 9 )
material/0 = null
